-0.499
1.683
2.247
1.444
-0.418
-2.977
-0.968
-0.308
-1.816
-0.446
1.627
1.555
0.310
-0.074
1.414
1.007
0.555
0.003
-2.789
0.005
-0.239
-1.050
1.991
-0.362
-0.847
0.884
0.759
-1.406
0.262
-0.206
-0.961
0.096
-0.119
-0.777
0.166
-0.405
-0.572
1.624
0.119
0.049
-0.152
0.251
-0.272
-0.250
-0.048
-2.619
1.158
0.139
0.332
0.926
0.350
0.033
0.478
0.637
-0.033
-0.319
0.570
-0.837
-0.413
-1.640
-0.795
-0.015
1.774
-1.568
0.302
-1.120
-0.917
-0.091
1.118
0.277
-0.622
-0.554
-0.470
0.700
-0.656
1.460
1.701
0.630
-0.700
-0.674
1.429
-1.163
-0.925
0.973
-0.052
0.409
-0.024
0.384
-0.350
0.203
-2.084
0.100
0.001
-0.070
0.773
1.132
-0.769
-0.609
1.816
1.307